creatures_cats = ["Lifespan",
                  "Size",
                  "Intelligence",
                  "Attack",
                  "Prominence"]

creatures_deck = [[1, "VAMPIRE", 90, 67, 90, 78, 94],
    [2, "WEREWOLF", 80, 81, 71, 85, 87],
    [3, "YETI", 60, 83, 50, 74, 72],
    [4, "TROLL", 44, 88, 46, 86, 76],
    [5, "WIZARD", 84, 84, 94, 93, 97],
    [6, "WITCH", 81, 69, 88, 90, 97],
    [7, "ZOMBIE", 18, 60, 14, 51, 92],
    [8, "TERMINATOR", 59, 70, 89, 90, 87],
    [9, "ZEUS", 99, 81, 86, 98, 92],
    [10, "ODIN", 99, 75, 82, 94, 87],
    [11, "THOR", 98, 75, 82, 95, 87],
    [12, "HERCULES", 93, 74, 89, 88, 86],
    [13, "ANGEL", 97, 65, 85, 88, 98],
    [14, "DEMON", 95, 78, 87, 92, 89],
    [15, "GRIM REAPER", 95, 72, 93, 74, 87],
    [16, "THE SPHINX", 84, 74, 54, 81, 73],
    [17, "SATAN", 97, 82, 98, 97, 98],
    [18, "SANTA CLAUS", 70, 76, 85, 52, 97],
    [19, "HEIDRUN", 89, 49, 24, 28, 19],
    [20, "HARPY", 44, 76, 75, 73, 42],
    [21, "GODZILLA", 87, 96, 53, 80, 86],
    [22, "POSEIDON", 90, 89, 81, 89, 77],
    [23, "CERBERUS", 85, 76, 49, 80, 52],
    [24, "BASILISK", 85, 71, 47, 87, 59],
    [25, "MINOTAUR", 50, 74, 45, 79, 62],
    [26, "CENTAUR", 43, 67, 60, 68, 64],
    [27, "GENIE", 94, 57, 73, 11, 80],
    [28, "GHOUL", 81, 72, 68, 80, 87],
    [29, "KRAKEN", 79, 91, 62, 88, 79],
    [30, "FAIRY", 78, 23, 85, 88, 90],
    [31, "KING KONG", 77, 90, 55, 81, 80],
    [32, "DRAGON", 76, 84, 83, 83, 91],
    [33, "LOCH NESS MONSTER", 75, 84, 73, 24, 81],
    [34, "ELF", 75, 34, 88, 44, 87],
    [35, "THE BOOGEYMAN", 74, 68, 74, 80, 76],
    [36, "UNICORN", 73, 72, 69, 46, 89],
    [37, "PHOENIX", 73, 43, 69, 34, 62],
    [38, "GRIFFIN", 51, 70, 42, 38, 54],
    [39, "GIANT", 70, 87, 71, 83, 84],
    [40, "GARGOYLE", 69, 58, 56, 63, 60],
    [41, "ALIEN", 67, 62, 95, 89, 92],
    [42, "MEDUSA", 69, 64, 75, 86, 65],
    [43, "PEGASUS", 61, 78, 53, 40, 63],
    [44, "CYCLOPS", 61, 87, 70, 80, 70],
    [45, "HELL HOUND", 53, 77, 42, 82, 59],
    [46, "MERMAID", 21, 76, 85, 88, 88],
    [47, "OGRE", 39, 75, 20, 79, 73],
    [48, "KILLER CLOWN", 33, 76, 63, 68, 75],
    [49, "CAPTAIN BLACKBEARD", 30, 63, 76, 67, 79],
    [50, "GOBLIN", 33, 59, 82, 68, 70],
    [51, "HENRY VIII WITH 8 LEGS", 30, 70, 73, 82, 63],
    [52, "MEGALODON", 29, 91, 43, 89, 62],
    [53, "TYRANNOSAURUS REX", 25, 83, 85, 88, 87],
    [54, "LEPRECHAUN", 11, 42, 85, 54, 84],
    [55, "BANSHEE", 8, 71, 63, 72, 60],
    [56, "FRANKENSTEIN'S MONSTER", 2, 74, 80, 49, 86],
    [57, "IMP", 89, 50, 73, 56, 58],
    [58, "BIGFOOT", 59, 76, 71, 64, 87],
    [59, "GHOST", 70, 65, 73, 70, 95],
    [60, "MUMMY", 28, 64, 32, 49, 77]]
