marvel_cats = ["Power Rating",
               "Agility",
               "Strength",
               "Intelligence",
               "Combat Skill"]

marvel_deck = [[1, "SPIDERMAN", 91, 99, 94, 92, 96],
                [2, "IRON MAN", 87, 90, 88, 93, 95],
                [3, "THANOS", 95, 83, 97, 96, 96],
                [4, "HULK", 96, 65, 100, 25, 60],
                [5, "NICK FURY", 38, 50, 45, 77, 58],
                [6, "LOKI", 90, 65, 82, 96, 72],
                [7, "ALGRIM", 95, 60, 99, 40, 76],
                [8, "TREVOR SLATTERY", 1, 1, 5, 1, 1],
                [9, "ARNIM ZOLA", 0, 0, 0, 91, 0],
                [10, "YONDU", 87, 30, 35, 40, 35],
                [11, "CAPTAIN FALCON", 79, 94, 78, 70, 84],
                [12, "MYSTERIO", 35, 85, 26, 76, 15],
                [13, "THE SCARLET WITCH", 98, 45, 20, 90, 25],
                [14, "ANT-MAN", 83, 100, 82, 86, 68],
                [15, "DOCTOR STRANGE", 95, 35, 30, 98, 60],
                [16, "ULTRON", 91, 92, 93, 88, 83],
                [17, "BLACK PANTHER", 88, 98, 87, 83, 96],
                [18, "NEBULA", 85, 88, 84, 75, 89],
                [19, "GAMORA", 92, 90, 87, 88, 95],
                [20, "CAPTAIN AMERICA", 90, 87, 89, 60, 92],
                [21, "EGO", 89, 15, 98, 90, 40],
                [22, "THE WINTER SOLDIER", 89, 88, 86, 67, 90],
                [23, "THOR", 99, 93, 98, 92, 97],
                [24, "FENRIS", 72, 50, 78, 10, 74],
                [25, "SHURI", 65, 65, 25, 100, 60],
                [26, "RONAN THE ACCUSER", 93, 86, 90, 85, 94],
                [27, "MANDARIN", 86, 70, 81, 86, 70],
                [28, "DRAX THE DESTROYER", 81, 84, 88, 20, 77],
                [29, "DESTROYER", 83, 65, 84, 50, 70],
                [30, "ODIN", 100, 75, 96, 99, 95],
                [31, "WONG", 87, 2, 47, 90, 45],
                [32, "KAECILIUS", 85, 60, 65, 80, 80],
                [33, "BLACK WIDOW", 55, 97, 30, 80, 100],
                [34, "RED SKULL", 55, 50, 60, 62, 60],
                [35, "VISION", 94, 93, 94, 99, 82],
                [36, "CORVUS GLAIVE", 76, 83, 63, 71, 82],
                [37, "GROOT", 92, 40, 93, 20, 50],
                [38, "WAR MACHINE", 84, 86, 84, 76, 78],
                [39, "VALKYRIE", 87, 83, 85, 78, 87],
                [40, "PROXIMA MIDNIGHT", 80, 92, 74, 78, 86],
                [41, "OKOYE", 55, 87, 40, 68, 93],
                [42, "DORMAMMU", 100, 75, 100, 95, 70],
                [43, "HULKBUSTER", 93, 60, 97, 0, 81],
                [44, "ROCKET RACCOON", 65, 98, 47, 90, 85],
                [45, "QUICKSILVER", 75, 100, 30, 52, 45],
                [46, "STAR-LORD", 76, 85, 50, 45, 78],
                [47, "HAWKEYE", 62, 90, 40, 77, 91],
                [48, "HELA", 99, 86, 97, 90, 95],
                [49, "MANTIS", 75, 25, 10, 15, 5],
                [50, "CAPTAIN MARVEL", 98, 93, 96, 91, 96],
                [51, "SURTUR", 99, 20, 100, 75, 70],
                [52, "HEIMDALL", 85, 75, 89, 82, 85],
                [53, "ANCIENT ONE", 89, 20, 1, 90, 90],
                [54, "AGATHA HARKNESS", 80, 50, 30, 70, 50],
                [55, "GRANDMASTER", 30, 10, 5, 75, 15],
                [56, "BLACK DWARF", 90, 50, 94, 30, 75],
                [57, "WASP", 77, 100, 74, 70, 86],
                [58, "PROFESSOR HULK", 95, 65, 98, 98, 65],
                [59, "EBONY MAW", 93, 85, 90, 88, 91],
                [60, "VULTURE", 84, 89, 80, 74, 79]]
